#--------------------
#Model sets
#--------------------

set WEEKDAYS := 1 2 3 4 5 6 7;
set PERIODS := 1 2 3 4 5 6 7 8 9 10 11 12 13 14 15 16 17 18 19 20 21 22 23 24 25 26 27 28;
set CONTRACTS := 1 2;
set SHIFTS := 1 2 3 4 5 6 7 8 9 10 11 12 13 14 15 16 17 18 19 20 21 22 23 24 25 26 27 28 29 30 31 32 33 34 35 36 37 38 39 40 41 42 43 44 45 46 47 48 49 50 51 52 53 54 55 56;
set WORKDAYS:= 1 2 3 4;
set DEPARTMENTS := 1 2 3 4 5;
set SKILLS:= 1 2 3 4 5 6 7 8 9 10 11 12 13 14 15 16 17 18 19 20 21 22 23 24 25; 

#-----------------------
#Model Subsets
#-----------------------

set WORKDAYS_PER_CONTRACT[1]:= 3;
set WORKDAYS_PER_CONTRACT[2]:= 1 2 4;

set SHIFTS_PER_CONTRACT[1] := 3 7 11 15 19 23 27 31 35 39 42;
set SHIFTS_PER_CONTRACT[2] := 1	2 4 5 6 8 9 10 12 13 14	16 17 18 20 21 22 24 25	26 28 29 30 32 33 34 36	37 38 40 41 43 44 45 46	47 48 49 50 51 52 53 54	55 56;

set SHIFTS_PER_CONTRACT_WORKDAY[1,1]:= ;
set SHIFTS_PER_CONTRACT_WORKDAY[1,2]:= ;
set SHIFTS_PER_CONTRACT_WORKDAY[1,3]:= 3 7 11 15 19 23 27 31 35 39 42;
set SHIFTS_PER_CONTRACT_WORKDAY[1,4]:= ;
set SHIFTS_PER_CONTRACT_WORKDAY[2,1]:= 1 5 9 13 17 21 25 29 33 37 40 43 45 47 49 51 53 55 56;
set SHIFTS_PER_CONTRACT_WORKDAY[2,2]:= 2 6 10 14 18 22 26 30 34 38 41 44 46 48 50 52 54;
set SHIFTS_PER_CONTRACT_WORKDAY[2,3]:=;
set SHIFTS_PER_CONTRACT_WORKDAY[2,4]:= 4 8 12 16 20 24 28 32 36;

set SKILLS_PER_DEPARTMENT[1]:= 1 2 3 4 5 6 11 16 21;
set SKILLS_PER_DEPARTMENT[2]:= 2 6 7 8 9 10 12 17 22;
set SKILLS_PER_DEPARTMENT[3]:= 3 8 11 12 13 14 15 18 23;
set SKILLS_PER_DEPARTMENT[4]:= 4 9 14 16 17 18 19 20 24;
set SKILLS_PER_DEPARTMENT[5]:= 5 10 15 20 21 22 23 24 25;
					
set DEPARTMENTS_PER_SKILL[1]:= 1;
set DEPARTMENTS_PER_SKILL[2]:= 1 2;
set DEPARTMENTS_PER_SKILL[3]:= 1 3;
set DEPARTMENTS_PER_SKILL[4]:= 1 4;
set DEPARTMENTS_PER_SKILL[5]:= 1 5;
set DEPARTMENTS_PER_SKILL[6]:= 2 1;
set DEPARTMENTS_PER_SKILL[7]:= 2;
set DEPARTMENTS_PER_SKILL[8]:= 2 3;
set DEPARTMENTS_PER_SKILL[9]:= 2 4;
set DEPARTMENTS_PER_SKILL[10]:= 2 5;
set DEPARTMENTS_PER_SKILL[11]:= 3 1;
set DEPARTMENTS_PER_SKILL[12]:= 3 2;
set DEPARTMENTS_PER_SKILL[13]:= 3;
set DEPARTMENTS_PER_SKILL[14]:= 3 4;
set DEPARTMENTS_PER_SKILL[15]:= 3 5;
set DEPARTMENTS_PER_SKILL[16]:= 4 1;
set DEPARTMENTS_PER_SKILL[17]:= 4 2;
set DEPARTMENTS_PER_SKILL[18]:= 4 3;
set DEPARTMENTS_PER_SKILL[19]:= 4 ;
set DEPARTMENTS_PER_SKILL[20]:= 4 5 ;
set DEPARTMENTS_PER_SKILL[21]:= 5 1;
set DEPARTMENTS_PER_SKILL[22]:= 5 2;
set DEPARTMENTS_PER_SKILL[23]:= 5 3;
set DEPARTMENTS_PER_SKILL[24]:= 5 4;
set DEPARTMENTS_PER_SKILL[25]:= 5;

set SKILLS_IN_PER_DEPARTMENT[1]:= 6 11 16 21;
set SKILLS_IN_PER_DEPARTMENT[2]:= 2 12 17 22;
set SKILLS_IN_PER_DEPARTMENT[3]:= 3 8 18 23;
set SKILLS_IN_PER_DEPARTMENT[4]:= 4 9 14 24;
set SKILLS_IN_PER_DEPARTMENT[5]:= 5 10 15 20;

set SKILLS_OUT_PER_DEPARTMENT[1]:= 2 3 4 5;
set SKILLS_OUT_PER_DEPARTMENT[2]:= 6 8 9 10;
set SKILLS_OUT_PER_DEPARTMENT[3]:= 11 12 14 15;
set SKILLS_OUT_PER_DEPARTMENT[4]:= 16 17 18 20;
set SKILLS_OUT_PER_DEPARTMENT[5]:= 21 22 23 24;

#---------------------
#Parametros del Modelo
#---------------------

param base_wage_per_contract :=
1	100
2	90;

param shortage_cost := 61;

param surplus_cost := 15;

param start_period :=
1	8
2	8.5
3	9
4	9.5
5	10
6	10.5
7	11
8	11.5
9	12
10	12.5
11	13
12	13.5
13	14
14	14.5
15	15
16	15.5
17	16
18	16.5
19	17
20	17.5
21	18
22	18.5
23	19
24	19.5
25	20
26	20.5
27	21
28	21.5;

param end_period :=
1	8.5
2	9
3	9.5
4	10
5	10.5
6	11
7	11.5
8	12
9	12.5
10	13
11	13.5
12	14
13	14.5
14	15
15	15.5
16	16
17	16.5
18	17
19	17.5
20	18
21	18.5
22	19
23	19.5
24	20
25	20.5
26	21
27	21.5
28	22;

param start_shift:=
1	8
2	8
3	8
4	8
5	8.5
6	8.5
7	8.5
8	8.5
9	9
10	9
11	9
12	9
13	9.5
14	9.5
15	9.5
16	9.5
17	10
18	10
19	10
20	10
21	10.5
22	10.5
23	10.5
24	10.5
25	11
26	11
27	11
28	11
29	11.5
30	11.5
31	11.5
32	11.5
33	12
34	12
35	12
36	12
37	12.5
38	12.5
39	12.5
40	13
41	13
42	13
43	13.5
44	13.5
45	14
46	14
47	14.5
48	14.5
49	15
50	15
51	15.5
52	15.5
53	16
54	16
55	16.5
56	17;

param end_shift:=
1	13
2	14
3	17
4	18
5	13.5
6	14.5
7	17.5
8	18.5
9	14
10	15
11	18
12	19
13	14.5
14	15.5
15	18.5
16	19.5
17	15
18	16
19	19
20	20
21	15.5
22	16.5
23	19.5
24	20.5
25	16
26	17
27	20
28	21
29	16.5
30	17.5
31	20.5
32	21.5
33	17
34	18
35	21
36	22
37	17.5
38	18.5
39	21.5
40	18
41	19
42	22
43	18.5
44	19.5
45	19
46	20
47	19.5
48	20.5
49	20
50	21
51	20.5
52	21.5
53	21
54	22
55	21.5
56	22;

param shift_length :=
1	5
2	6
3	9
4	10
5	5
6	6
7	9
8	10
9	5
10	6
11	9
12	10
13	5
14	6
15	9
16	10
17	5
18	6
19	9
20	10
21	5
22	6
23	9
24	10
25	5
26	6
27	9
28	10
29	5
30	6
31	9
32	10
33	5
34	6
35	9
36	10
37	5
38	6
39	9
40	5
41	6
42	9
43	5
44	6
45	5
46	6
47	5
48	6
49	5
50	6
51	5
52	6
53	5
54	6
55	5
56	5;

param hours_per_contract :=
1	45
2	30;

param workday_length :=
1	5
2	6
3	9
4	10;	

param training_cost:=
1	0
2	1
3	1
4	1
5	1
6	1
7	0
8	1
9	1
10	1
11	1
12	1
13	0
14	1
15	1
16	1
17	1
18	1
19	0
20	1
21	1
22	1
23	1
24	1
25	0;

param demand :=
[1,*,*]:1	2	3	4	5	6	7	8	9	10	11	12	13	14	15	16	17	18	19	20	21	22	23	24	25	26	27	28:=
1	1	1	1	1	1	1	1	1	1	1	1	1	1	1	1	1	1	1	1	1	1	1	1	1	1	1	1	1
2	1	1	1	1	1	1	1	1	1	1	1	1	1	1	1	1	1	1	1	1	1	1	1	1	1	1	1	1
3	1	1	1	1	1	1	1	1	1	1	1	1	1	1	1	1	1	1	1	1	1	1	1	1	1	1	1	1
4	1	1	1	1	1	1	1	1	1	1	1	1	1	1	1	1	1	1	1	1	1	1	1	1	1	1	1	1
5	1	1	1	1	1	1	1	1	1	1	1	1	1	1	1	1	1	1	1	1	1	1	1	1	1	1	1	1
6	1	1	1	1	1	1	1	1	2	2	1	1	1	1	1	1	2	2	2	2	2	2	2	2	2	2	1	1
7	1	1	1	1	1	1	1	1	1	1	1	1	1	1	1	1	1	1	1	1	1	1	1	1	1	1	1	1


[2,*,*]:1	2	3	4	5	6	7	8	9	10	11	12	13	14	15	16	17	18	19	20	21	22	23	24	25	26	27	28:=
1	1	1	1	1	2	2	2	2	2	2	2	2	2	2	2	2	2	2	3	3	3	3	3	3	3	3	1	1
2	1	1	1	1	2	2	2	2	2	2	2	2	2	2	2	2	3	3	3	3	3	3	3	3	3	3	2	2
3	1	1	1	1	2	2	2	2	3	3	2	2	2	2	2	2	2	2	3	3	3	3	3	3	3	3	2	2
4	1	1	1	1	1	1	2	2	2	2	2	2	2	2	2	2	2	2	2	2	2	2	2	2	3	3	2	2
5	1	1	1	1	2	2	2	2	3	3	2	2	2	2	2	2	3	3	3	3	3	3	4	4	3	3	2	2
6	1	1	1	1	2	2	2	2	2	2	3	3	3	3	2	2	3	3	3	3	3	3	3	3	3	3	2	2
7	1	1	1	1	1	1	2	2	2	2	2	2	2	2	2	2	2	2	3	3	3	3	2	2	2	2	1	1

[3,*,*]:1	2	3	4	5	6	7	8	9	10	11	12	13	14	15	16	17	18	19	20	21	22	23	24	25	26	27	28:=
1	2	2	2	2	3	3	3	3	3	3	3	3	3	3	3	3	4	4	3	3	3	3	4	4	4	4	2	2
2	2	2	3	3	3	3	4	4	4	4	4	4	3	3	3	3	3	3	3	3	4	4	4	4	4	4	1	1
3	2	2	3	3	3	3	4	4	3	3	3	3	3	3	3	3	3	3	3	3	3	3	3	3	4	4	2	2
4	2	2	3	3	4	4	4	4	4	4	3	3	3	3	3	3	3	3	3	3	3	3	3	3	3	3	2	2
5	2	2	3	3	4	4	4	4	3	3	3	3	3	3	4	4	4	4	3	3	4	4	4	4	4	4	2	2
6	2	2	3	3	4	4	5	5	5	5	4	4	4	4	4	4	4	4	4	4	4	4	4	4	4	4	1	1
7	2	2	2	2	3	3	4	4	4	4	5	5	4	4	4	4	4	4	4	4	4	4	4	4	3	3	1	1

[4,*,*]:1	2	3	4	5	6	7	8	9	10	11	12	13	14	15	16	17	18	19	20	21	22	23	24	25	26	27	28:=
1	1	1	2	2	2	2	3	3	3	3	3	3	3	3	3	3	3	3	3	3	3	3	4	4	4	4	2	2
2	2	2	2	2	3	3	3	3	3	3	3	3	3	3	3	3	3	3	3	3	4	4	4	4	4	4	2	2
3	2	2	2	2	2	2	3	3	3	3	3	3	3	3	3	3	3	3	4	4	3	3	3	3	4	4	2	2
4	2	2	2	2	3	3	3	3	3	3	3	3	3	3	3	3	3	3	3	3	4	4	4	4	4	4	2	2
5	1	1	2	2	3	3	3	3	3	3	3	3	3	3	3	3	3	3	3	3	4	4	4	4	4	4	2	2
6	2	2	2	2	3	3	3	3	4	4	4	4	4	4	4	4	4	4	5	5	5	5	5	5	4	4	2	2
7	1	1	2	2	2	2	3	3	5	5	6	6	5	5	4	4	6	6	7	7	6	6	6	6	4	4	1	1

[5,*,*]:1	2	3	4	5	6	7	8	9	10	11	12	13	14	15	16	17	18	19	20	21	22	23	24	25	26	27	28:=
1	1	1	1	1	1	1	1	1	1	1	1	1	1	1	1	1	1	1	1	1	1	1	1	1	1	1	1	1
2	1	1	1	1	1	1	1	1	1	1	1	1	1	1	1	1	1	1	1	1	1	1	1	1	1	1	1	1
3	1	1	1	1	1	1	1	1	1	1	1	1	1	1	1	1	1	1	1	1	1	1	1	1	1	1	1	1
4	1	1	1	1	1	1	1	1	1	1	1	1	1	1	1	1	1	1	1	1	1	1	1	1	1	1	1	1
5	1	1	1	1	1	1	1	1	1	1	1	1	1	1	1	1	1	1	1	1	1	1	1	1	1	1	1	1
6	1	1	1	1	1	1	1	1	2	2	1	1	1	1	1	1	2	2	2	2	2	2	2	2	1	1	1	1
7	1	1	1	1	1	1	1	1	2	2	2	2	2	2	2	2	2	2	2	2	2	2	2	2	2	2	1	1;

